I
1000 Generated by WorldEditor

1   2303 1 0 EDTP Pfullendorf
100 30.00 3 0 0.00 0 0 0 01  47.90676770  009.24983748    0    0 0 0 0 0 19  47.91212570  009.25183648    0    0 0 0 0 0
110 12 0.00 0.0000 New Taxiway 7
111  47.91199167  009.25132127 20
111  47.91197624  009.25143480 20
111  47.91204926  009.25145475 20
113  47.91206674  009.25134428 20
110 2 0.00 0.0000 New Taxiway 4
111  47.91181854  009.25377405
111  47.91193748  009.25380550
111  47.91194952  009.25372014
111  47.91192242  009.25365725
112  47.91186822  009.25364377  47.91186672  009.25364377
113  47.91183359  009.25367746
110 1 0.00 0.0000 New Taxiway 3
111  47.91136903  009.25361262
111  47.91153936  009.25367540
112  47.91154337  009.25356180  47.91155139  009.25353190
111  47.91169968  009.25355881
111  47.91168765  009.25364551
111  47.91163355  009.25363953
111  47.91159146  009.25390561
111  47.91191209  009.25400427
111  47.91201430  009.25356778
113  47.91140309  009.25337943
110 3 0.00 290.0000 New Taxiway 2
111  47.91204187  009.25088923
111  47.90906096  009.25024145
112  47.90880570  009.25016267  47.90869715  009.25011015
112  47.90733579  009.24929607  47.90722723  009.24924355
112  47.90632064  009.24874898  47.90627076  009.24879274
112  47.90613580  009.24991757  47.90615340  009.24997884
112  47.91028442  009.25155452  47.91028442  009.25160267
112  47.90988247  009.25332724  47.90991181  009.25339289
112  47.91188930  009.25401883  47.91191571  009.25398381
112  47.91232939  009.25206662  47.91237047  009.25183025
113  47.91247022  009.25117805
130 Airport Boundary 1
111  47.91253442  009.25095609
111  47.90891141  009.25013281
111  47.90771594  009.24945825
111  47.90626059  009.24867516
111  47.90608386  009.25000100
111  47.91019004  009.25159052
111  47.90980541  009.25339720
111  47.91192087  009.25408737
113  47.91232630  009.25221860
120 Linear Feature 12
111  47.90681910  009.24963976 20
111  47.90679670  009.24963234 22
111  47.90672896  009.25003642 20
115  47.90675439  009.25004627
120 Linear Feature 11
111  47.91206611  009.25202544 20
111  47.91209603  009.25203381 22
111  47.91216521  009.25163910 20
115  47.91213529  009.25162794
120 Linear Feature 10
111  47.91204516  009.25137972 20
115  47.91205092  009.25134679
120 Linear Feature 9
111  47.91199270  009.25136730 20
111  47.91201121  009.25137343 20
111  47.91201635  009.25133968 20
113  47.91199726  009.25133584 20
120 Linear Feature 8
111  47.91199990  009.25141179 20
115  47.91203383  009.25142099
14  47.91198333  009.25120124   9.84 0 New Tower Viewpoint 2
1300  47.91147672  009.25349616 277.13 tie_down props Hangar east
1300  47.91198371  009.25336790 196.65 tie_down props Gras east
1300  47.91170254  009.25104335 101.96 tie_down props Gras west
19  47.91231174  009.25117679 0 New Windsock 1
54 12325 Pfullendorf Info
1200 
1201  47.91164829  009.25313006 both 0 _stop
1201  47.91167443  009.25130023 both 1 _stop
1201  47.90881062  009.25027018 both 2 _stop
1201  47.90679041  009.24936358 both 3 _stop
1201  47.90663066  009.24943773 both 4 _stop
1201  47.90663066  009.24976077 both 5 _stop
1201  47.91211420  009.25232075 both 6 _stop
1201  47.91225247  009.25156735 both 7 _stop
1201  47.91220438  009.25186033 both 8 _stop
1201  47.91209559  009.25182509 both 9 _stop
1201  47.90679412  009.24984641 both 10 _start
1202 6 0 twoway taxiway 
1202 1 7 twoway taxiway 
1202 2 1 twoway taxiway 
1202 3 2 twoway taxiway 
1202 4 3 twoway taxiway 
1204 departure 01,19
1204 arrival 01,19
1202 5 4 twoway taxiway 
1204 departure 01,19
1204 arrival 01,19
1202 10 5 twoway taxiway 
1204 departure 01,19
1204 arrival 01,19
1202 8 6 twoway taxiway 
1204 departure 01,19
1204 arrival 01,19
1202 8 7 twoway taxiway 
1204 departure 01,19
1204 arrival 01,19
1202 9 8 twoway taxiway 
1204 departure 01,19
1204 arrival 01,19
1202 10 9 twoway runway 01/19
1204 departure 01,19
1204 arrival 01,19
99
