I
1130 Generated by WorldEditor 2.4.0r2

1   1887 0 0 XED003X Waldsee-Reute
1302 datum_lat 47.91476
1302 datum_lon 9.710183
1302 gui_label 3D
1302 state Baden-Wurttemberg
100 40.45 3 0 0.30 0 0 0  14  47.91830396  009.70714352 76 0 0 0 0 0 32  47.91198490  009.71279065 80 0 0 0 0 0
110 1 0.30 149.1 New Taxiway Asph
112  47.91526495  009.70879672  47.91526374  009.70880092
112  47.91530939  009.70895158  47.91531161  009.70895339
112  47.91548173  009.70884148  47.91548266  009.70883818
114  47.91543728  009.70868661  47.91543518  009.70868599
110 1 0.30 156.0 New Taxiway Asph
112  47.91510854  009.70861527  47.91510299  009.70861455
112  47.91508149  009.70863321  47.91507315  009.70863508
112  47.91487532  009.70865473  47.91487031  009.70866034
112  47.91499133  009.70900180  47.91499599  009.70900632
112  47.91527324  009.70881885  47.91527498  009.70881107
114  47.91526622  009.70879575  47.91526129  009.70879100
110 1 0.30 145.0 New Taxiway Asph
111  47.91457097  009.70946275
111  47.91463688  009.70959029
111  47.91472237  009.70949194
113  47.91465645  009.70936440
110 3 0.30 149.1 New Taxiway Grass
112  47.91839946  009.70737759  47.91841249  009.70734770
112  47.91847779  009.70709646  47.91848385  009.70704997
112  47.91848053  009.70691496  47.91847619  009.70687932
112  47.91845124  009.70677350  47.91843767  009.70672938
112  47.91839662  009.70665160  47.91837088  009.70661890
112  47.91833146  009.70658318  47.91831358  009.70657056
112  47.91825607  009.70654140  47.91824500  009.70653764
112  47.91815484  009.70651890  47.91813426  009.70651501
112  47.91807718  009.70652347  47.91806008  009.70653256
112  47.91774254  009.70687767  47.91764386  009.70697065
112  47.91703358  009.70758213  47.91695424  009.70765316
112  47.91661470  009.70796519  47.91654113  009.70803622
112  47.91608982  009.70840440  47.91598907  009.70848188
112  47.91572075  009.70866906  47.91569020  009.70869298
112  47.91553455  009.70879685  47.91551368  009.70879477
112  47.91543749  009.70868483  47.91542877  009.70868459
112  47.91499351  009.70899895  47.91499281  009.70901971
111  47.91499351  009.70899895
112  47.91499351  009.70899895  47.91499595  009.70902178
112  47.91502197  009.70909770  47.91501956  009.70910881
112  47.91485008  009.70925089  47.91483506  009.70925774
112  47.91479777  009.70926542  47.91478108  009.70927227
112  47.91465587  009.70936325  47.91464299  009.70937196
112  47.91456468  009.70942538  47.91455223  009.70943373
112  47.91449705  009.70946798  47.91448950  009.70947424
112  47.91442474  009.70954084  47.91442558  009.70955210
112  47.91446130  009.70963702  47.91446165  009.70964502
112  47.91440749  009.70989607  47.91440176  009.70990712
112  47.91250240  009.71148287  47.91246935  009.71151037
112  47.91165887  009.71220905  47.91165814  009.71223067
112  47.91200512  009.71298362  47.91201720  009.71299714
114  47.91208064  009.71302716  47.91209378  009.71302445
130 Airport Boundary 12
111  47.91863242  009.70685317
111  47.91860750  009.70668951
111  47.91857509  009.70651841
111  47.91847538  009.70637335
111  47.91841929  009.70631012
111  47.91837566  009.70626363
111  47.91829465  009.70626177
111  47.91819244  009.70629152
111  47.91804661  009.70640311
111  47.91757800  009.70683368
111  47.91725235  009.70723859
111  47.91674659  009.70773682
111  47.91673014  009.70773012
111  47.91663142  009.70770111
111  47.91655065  009.70771227
111  47.91595781  009.70804104
111  47.91569514  009.70810382
111  47.91487283  009.70858542
111  47.91428371  009.70898181
111  47.91412920  009.70901274
111  47.91409426  009.70904681
111  47.91409345  009.70905341
111  47.91440916  009.70967351
111  47.91429381  009.70979441
111  47.91155318  009.71211396
111  47.91209347  009.71321898
111  47.91845618  009.70750158
113  47.91860743  009.70704017
1300  47.91508303  009.70890816 65.1 tie_down props New Ramp Start 17
1301 A general_aviation 
1300  47.91539269  009.70888713 66.8 tie_down props New Ramp Start 16
1301 A general_aviation 
19  47.91449763  009.70946797 0 New Windsock 18
1054 118040 Waldsee Info
99
