I
1130 Generated by WorldEditor 2.3.1r1

1   1485 0 0 XEDC0 Hilzingen
1302 datum_lat 47.759558
1302 datum_lon 8.773202
1302 gui_label 3D
100 35.02 3 0 0.00 0 0 0 08  47.76029849  008.76504962    0    0 0 0 0 0 26  47.76046447  008.77317739    0    0 0 0 0 0
110 4 0.30 88.1900 New Taxiway 2
112  47.76029167  008.77227291  47.76026385  008.77225548
112  47.75948509  008.77235641  47.75946605  008.77238472
112  47.75948997  008.77300261  47.75949143  008.77305924
112  47.75949485  008.77362522  47.75951828  008.77365136
112  47.75965348  008.77361977  47.75966476  008.77358038
111  47.75965348  008.77361977
112  47.75965348  008.77361977  47.75966820  008.77356652
112  47.75965766  008.77298739  47.75967727  008.77296405
114  47.76030695  008.77289784  47.76033477  008.77287170
110 3 0.30 88.2600 New Taxiway 11
112  47.75965096  008.77297994  47.75964546  008.77298730
112  47.75964307  008.77362059  47.75966458  008.77364034
112  47.76062541  008.77334311  47.76064072  008.77330008
111  47.76062541  008.77334311
112  47.76062541  008.77334311  47.76062711  008.77326211
113  47.76061509  008.77285268
110 3 0.30 88.2600 New Taxiway 4
112  47.76047112  008.76282148  47.76044814  008.76279829
112  47.76024671  008.76297264  47.76023030  008.76300560
112  47.76021284  008.76402444  47.76020546  008.76411355
112  47.76012435  008.76465831  47.76011040  008.76474864
112  47.76010276  008.76523999  47.76010177  008.76540405
111  47.76011430  008.76752674
112  47.76022326  008.77255813  47.76024296  008.77259841
114  47.76072429  008.77254238  47.76075137  008.77246792
130 Airport Boundary 3
111  47.75999622  008.75954842
111  47.75986195  008.76764229
111  47.75976457  008.76761080
111  47.75919297  008.76742815
111  47.75926293  008.77398748
111  47.75934378  008.77398383
111  47.76078503  008.77339341
111  47.76067660  008.76707243
113  47.76050283  008.75953259
20  47.76017220  008.76962164 88.8500 0 2 {@Y}1/2{@@}1/2
20  47.76064580  008.76959914 265.4300 0 2 {@Y}1/2{@@}1/2
1300  47.75955855  008.77247246  28.44 tie_down props New Ramp Start 11
1301 A general_aviation 
19  47.76074853  008.77316619 0 New Windsock 10
1054 127140 Hilzingen Info
99
