I
1130 Generated by WorldEditor 2.3.1r1

1   2100 0 0 XEDDJ Wangen-Kisslegg
1302 datum_lat 47.751480
1302 datum_lon 9.865766
1302 gui_label 3D
100 44.45 3 0 0.30 0 0 0 06  47.75293004  009.86443420    0    0 0 0 0 0 24  47.75360241  009.86703403    0    0 0 0 0 0
110 4 0.30 150.0000 New Taxiway 10
112  47.75335623  009.86384173  47.75335858  009.86381831
111  47.75335623  009.86384173
112  47.75335623  009.86384173  47.75336472  009.86382237
112  47.75333474  009.86378842  47.75330750  009.86379316
111  47.75333474  009.86378842
112  47.75333474  009.86378842  47.75331523  009.86379383
112  47.75288612  009.86429720  47.75278301  009.86440279
112  47.75247140  009.86475887  47.75238181  009.86484435
112  47.75220821  009.86505831  47.75216066  009.86511186
112  47.75202622  009.86525911  47.75198818  009.86530053
112  47.75184615  009.86544936  47.75180703  009.86548937
112  47.75167689  009.86562938  47.75163273  009.86566777
112  47.75158741  009.86570684  47.75156499  009.86572199
112  47.75152750  009.86574814  47.75150780  009.86576027
111  47.75146954  009.86577519
112  47.75145835  009.86581985  47.75146299  009.86582553
112  47.75155523  009.86580917  47.75158144  009.86579577
112  47.75179772  009.86559385  47.75181876  009.86557326
112  47.75201583  009.86537026  47.75205593  009.86533097
114  47.75243158  009.86491822  47.75245365  009.86489717
110 4 0.30 89.1900 New Taxiway 9
112  47.75121004  009.86535823  47.75118796  009.86535234
112  47.75112148  009.86535889  47.75110053  009.86536478
112  47.75092075  009.86551776  47.75091600  009.86555110
112  47.75098185  009.86581088  47.75106823  009.86620205
112  47.75133771  009.86592159  47.75146673  009.86568133
112  47.75146643  009.86580379  47.75147322  009.86577550
112  47.75146643  009.86561174  47.75146303  009.86559154
114  47.75136900  009.86542668  47.75135338  009.86541052
110 3 0.30 68.9600 New Taxiway 7
112  47.75269287  009.86461936  47.75268611  009.86467970
112  47.75337363  009.86724715  47.75341420  009.86728637
112  47.75384568  009.86707507  47.75389194  009.86696872
114  47.75313293  009.86413106  47.75310251  009.86413609
130 Airport Boundary 11
111  47.75183843  009.86534388
111  47.75179779  009.86511476
111  47.75177073  009.86502638
111  47.75143431  009.86507896
111  47.75111659  009.86528083
111  47.75079996  009.86550842
111  47.75101120  009.86635573
111  47.75134329  009.86595332
111  47.75144867  009.86605588
111  47.75186055  009.86575084
111  47.75182709  009.86558153
111  47.75244476  009.86493954
111  47.75296273  009.86685178
111  47.75319189  009.86746130
111  47.75428882  009.86721236
111  47.75418658  009.86678661
113  47.75336649  009.86373298
1300  47.75146674  009.86567921   0.00 tie_down props New Ramp Start 156
1301 A general_aviation 
19  47.75336024  009.86438801 0 New Windsock 155
1054 123965 Wangen Info
1200 
1201  47.75149244  009.86579653 both 0 N_stop
1201  47.75153813  009.86578384 both 1 N_stop
1201  47.75156021  009.86577040 both 2 N_stop
1201  47.75167392  009.86566939 both 3 N_stop
1201  47.75178962  009.86555604 both 4 N_stop
1201  47.75195098  009.86538624 both 5 N_stop
1201  47.75211145  009.86521594 both 6 N_stop
1201  47.75361820  009.86720172 both 7 N_stop
1201  47.75353781  009.86732582 both 8 N_stop
1201  47.75338147  009.86733786 both 9 N_stop
1201  47.75322054  009.86717817 both 10 N_stop
1201  47.75292222  009.86605441 both 11 N_stop
1201  47.75261372  009.86489493 both 12 N_stop
1201  47.75254050  009.86473842 both 13 N_stop
1201  47.75290276  009.86432344 both 14 N_stop
1201  47.75360387  009.86703257 both 15 N_stop
1201  47.75293107  009.86443541 both 16 N_start
1202 1 0 twoway taxiway_A N
1202 2 1 twoway taxiway_A N
1202 3 2 twoway taxiway_A N
1202 4 3 twoway taxiway_A N
1202 5 4 twoway taxiway_A N
1202 6 5 twoway taxiway_A N
1202 13 6 twoway taxiway_A N
1202 14 13 twoway taxiway_A N
1204 departure 06,24
1204 arrival 06,24
1202 7 15 twoway taxiway_A N
1204 departure 06,24
1204 arrival 06,24
1202 8 7 twoway taxiway_A N
1204 departure 06,24
1204 arrival 06,24
1202 9 8 twoway taxiway_A N
1204 departure 06,24
1204 arrival 06,24
1202 10 9 twoway taxiway_A N
1204 departure 06,24
1204 arrival 06,24
1202 11 10 twoway taxiway_A N
1204 departure 06,24
1204 arrival 06,24
1202 12 11 twoway taxiway_A N
1204 departure 06,24
1204 arrival 06,24
1202 13 12 twoway taxiway_A N
1204 departure 06,24
1204 arrival 06,24
1202 16 14 twoway taxiway_A N
1204 departure 06,24
1204 arrival 06,24
1202 16 15 twoway runway 06/24
1204 departure 06,24
1204 arrival 06,24
1204 ils 06,24
99
